
  00000000000000000000D00000000000000000000
  0   0                  0                0
  0 0000 000000000000000000000000 0000000 0
  0        0                            0 0
  0 0 000000000000000000000 00000000000 0 0
  0 0 0                0              0 0 0
  0 0   00000000 0000000000000 000000 0 0 0
  0 0 0 0     0                     0 0 000
  0 0 0 0 000000000000000 000000000 0 0 0 0
  0 0 0 0 0       0               0 0 0 0 0
  D 0 0 0   00000 0000S0000 00000   0 0 0 D
  0 0 0 0 0               0       0 0 0 0 0
  0 0 0 0 000000000 000000000000000 0 0 0 0
  0 0 0 0                           0 0 0 0
  0 0 0 000000000000000 0000000000 00 0 0 0
  0 0 0   0        0         0     0  0   0
  0 0 000000 0000000000000000000 000000 0 0
  0 0                     0       0     0 0
  0 000000000000 000000000000000000000000 0
  0    0                            0     0
  00000000000000000000D00000000000000000000